control_id,target,n,unavailable_n,coverage,mpiw,winkler
quantile_static,clean_counterfactual,221,0,0.34841628959276016,4.073704586933989,91.37008313222346
quantile_static,corrupted_observation,221,0,0.34841628959276016,4.073704586933989,85.94021887882978
cqr_static,clean_counterfactual,221,0,0.3212669683257919,2.7663339486824174,85.95452173493898
cqr_static,corrupted_observation,221,0,0.3212669683257919,2.7663339486824174,80.5246574815453
cqr_rolling,clean_counterfactual,221,0,0.8733031674208145,10.293014119974352,21.414399389299877
cqr_rolling,corrupted_observation,221,0,0.8733031674208145,10.293014119974352,21.414399389299877
persistence_static,clean_counterfactual,221,0,0.8687782805429864,1.6059535223595647,10.02746499837971
persistence_static,corrupted_observation,221,0,0.9004524886877828,1.6059535223595647,9.949635110711176
